30.409638 -91.181249 19 hybrid 1023 1025
30.409638 -91.179533 19 hybrid 1024 1025
30.409638 -91.177816 19 hybrid 1025 1025
30.408158 -91.181249 19 hybrid 1023 1024
30.408158 -91.179533 19 hybrid 1024 1024
30.408158 -91.177816 19 hybrid 1025 1024
30.406677 -91.181249 19 hybrid 1023 1023
30.406677 -91.179533 19 hybrid 1024 1023
30.406677 -91.177816 19 hybrid 1025 1023
30.409638 -91.176099 19 hybrid 1026 1025
30.408158 -91.176099 19 hybrid 1026 1024
30.406677 -91.176099 19 hybrid 1026 1023
30.405196 -91.179533 19 hybrid 1024 1022
30.405196 -91.177816 19 hybrid 1025 1022
30.405196 -91.176099 19 hybrid 1026 1022
30.408158 -91.174383 19 hybrid 1027 1024
30.406677 -91.174383 19 hybrid 1027 1023
30.405196 -91.174383 19 hybrid 1027 1022
30.403716 -91.177816 19 hybrid 1025 1021
30.403716 -91.176099 19 hybrid 1026 1021
30.403716 -91.174383 19 hybrid 1027 1021
30.406677 -91.172666 19 hybrid 1028 1023
30.405196 -91.172666 19 hybrid 1028 1022
30.403716 -91.172666 19 hybrid 1028 1021
30.402235 -91.176099 19 hybrid 1026 1020
30.402235 -91.174383 19 hybrid 1027 1020
30.402235 -91.172666 19 hybrid 1028 1020
30.403716 -91.179533 19 hybrid 1024 1021
30.405196 -91.181249 19 hybrid 1023 1022
30.403716 -91.181249 19 hybrid 1023 1021
30.402235 -91.181249 19 hybrid 1023 1020
30.402235 -91.179533 19 hybrid 1024 1020
30.402235 -91.177816 19 hybrid 1025 1020
30.405196 -91.182966 19 hybrid 1022 1022
30.403716 -91.182966 19 hybrid 1022 1021
30.402235 -91.182966 19 hybrid 1022 1020
30.405196 -91.182966 18 hybrid 511 511
30.405196 -91.179533 18 hybrid 512 511
30.405196 -91.176099 18 hybrid 513 511
30.402235 -91.182966 18 hybrid 511 510
30.402235 -91.179533 18 hybrid 512 510
30.402235 -91.176099 18 hybrid 513 510
30.399274 -91.182966 18 hybrid 511 509
30.399274 -91.179533 18 hybrid 512 509
30.399274 -91.176099 18 hybrid 513 509
30.408158 -91.182966 18 hybrid 511 512
30.408158 -91.179533 18 hybrid 512 512
30.408158 -91.176099 18 hybrid 513 512
30.411118 -91.182966 18 hybrid 511 513
30.411118 -91.179533 18 hybrid 512 513
30.411118 -91.176099 18 hybrid 513 513
30.414079 -91.186399 17 hybrid 255 257
30.414079 -91.179533 17 hybrid 256 257
30.414079 -91.172666 17 hybrid 257 257
30.408158 -91.186399 17 hybrid 255 256
30.408158 -91.179533 17 hybrid 256 256
30.408158 -91.172666 17 hybrid 257 256
30.402235 -91.186399 17 hybrid 255 255
30.402235 -91.179533 17 hybrid 256 255
30.402235 -91.172666 17 hybrid 257 255
30.420001 -91.193265 16 hybrid 127 129
30.420001 -91.179533 16 hybrid 128 129
30.420001 -91.165800 16 hybrid 129 129
30.408158 -91.193265 16 hybrid 127 128
30.408158 -91.179533 16 hybrid 128 128
30.408158 -91.165800 16 hybrid 129 128
30.396313 -91.193265 16 hybrid 127 127
30.396313 -91.179533 16 hybrid 128 127
30.396313 -91.165800 16 hybrid 129 127
30.431842 -91.206998 15 hybrid 63 65
30.431842 -91.179533 15 hybrid 64 65
30.431842 -91.152067 15 hybrid 65 65
30.408158 -91.206998 15 hybrid 63 64
30.408158 -91.179533 15 hybrid 64 64
30.408158 -91.152067 15 hybrid 65 64
30.384467 -91.206998 15 hybrid 63 63
30.384467 -91.179533 15 hybrid 64 63
30.384467 -91.152067 15 hybrid 65 63
30.455521 -91.234464 14 hybrid 31 33
30.455521 -91.179533 14 hybrid 32 33
30.455521 -91.124601 14 hybrid 33 33
30.408158 -91.234464 14 hybrid 31 32
30.408158 -91.179533 14 hybrid 32 32
30.408158 -91.124601 14 hybrid 33 32
30.360771 -91.234464 14 hybrid 31 31
30.360771 -91.179533 14 hybrid 32 31
30.360771 -91.124601 14 hybrid 33 31
30.502862 -91.289396 13 hybrid 15 17
30.502862 -91.179533 13 hybrid 16 17
30.502862 -91.069669 13 hybrid 17 17
30.408158 -91.289396 13 hybrid 15 16
30.408158 -91.179533 13 hybrid 16 16
30.408158 -91.069669 13 hybrid 17 16
30.313361 -91.289396 13 hybrid 15 15
30.313361 -91.179533 13 hybrid 16 15
30.313361 -91.069669 13 hybrid 17 15
30.597475 -91.399259 12 hybrid 7 9
30.597475 -91.179533 12 hybrid 8 9
30.597475 -90.959806 12 hybrid 9 9
30.408158 -91.399259 12 hybrid 7 8
30.408158 -91.179533 12 hybrid 8 8
30.408158 -90.959806 12 hybrid 9 8
30.218472 -91.399259 12 hybrid 7 7
30.218472 -91.179533 12 hybrid 8 7
30.218472 -90.959806 12 hybrid 9 7
30.455521 -91.069669 14 hybrid 34 33
30.408158 -91.069669 14 hybrid 34 32
30.360771 -91.069669 14 hybrid 34 31
30.455521 -91.289396 14 hybrid 30 33
30.408158 -91.289396 14 hybrid 30 32
30.360771 -91.289396 14 hybrid 30 31
30.455521 -91.344327 14 hybrid 29 33
30.408158 -91.344327 14 hybrid 29 32
30.360771 -91.344327 14 hybrid 29 31
30.408898 -91.179533 20 hybrid 2048 2049
30.408898 -91.178674 20 hybrid 2049 2049
30.408898 -91.177816 20 hybrid 2050 2049
30.408158 -91.179533 20 hybrid 2048 2048
30.408158 -91.178674 20 hybrid 2049 2048
30.408158 -91.177816 20 hybrid 2050 2048
30.407417 -91.179533 20 hybrid 2048 2047
30.407417 -91.178674 20 hybrid 2049 2047
30.407417 -91.177816 20 hybrid 2050 2047
30.408898 -91.179533 21 hybrid 4096 4098
30.408898 -91.179103 21 hybrid 4097 4098
30.408898 -91.178674 21 hybrid 4098 4098
30.408528 -91.179533 21 hybrid 4096 4097
30.408528 -91.179103 21 hybrid 4097 4097
30.408528 -91.178674 21 hybrid 4098 4097
30.408158 -91.179533 21 hybrid 4096 4096
30.408158 -91.179103 21 hybrid 4097 4096
30.408158 -91.178674 21 hybrid 4098 4096
30.408528 -91.178245 21 hybrid 4099 4097
30.408158 -91.178245 21 hybrid 4099 4096
30.407787 -91.179103 21 hybrid 4097 4095
30.407787 -91.178674 21 hybrid 4098 4095
30.407787 -91.178245 21 hybrid 4099 4095
30.405196 -91.170949 19 hybrid 1029 1022
30.403716 -91.170949 19 hybrid 1029 1021
30.402235 -91.170949 19 hybrid 1029 1020
30.400755 -91.174383 19 hybrid 1027 1019
30.400755 -91.172666 19 hybrid 1028 1019
30.400755 -91.170949 19 hybrid 1029 1019
30.403716 -91.169233 19 hybrid 1030 1021
30.402235 -91.169233 19 hybrid 1030 1020
30.400755 -91.169233 19 hybrid 1030 1019
30.399274 -91.172666 19 hybrid 1028 1018
30.399274 -91.170949 19 hybrid 1029 1018
30.399274 -91.169233 19 hybrid 1030 1018
30.402235 -91.167516 19 hybrid 1031 1020
30.400755 -91.167516 19 hybrid 1031 1019
30.399274 -91.167516 19 hybrid 1031 1018
30.403716 -91.167516 19 hybrid 1031 1021
30.403716 -91.165800 19 hybrid 1032 1021
30.402235 -91.165800 19 hybrid 1032 1020
30.400755 -91.165800 19 hybrid 1032 1019
30.399274 -91.165800 19 hybrid 1032 1018
30.397794 -91.170949 19 hybrid 1029 1017
30.397794 -91.169233 19 hybrid 1030 1017
30.397794 -91.167516 19 hybrid 1031 1017
30.396313 -91.170949 19 hybrid 1029 1016
30.396313 -91.169233 19 hybrid 1030 1016
30.396313 -91.167516 19 hybrid 1031 1016
30.397794 -91.172666 19 hybrid 1028 1017
30.396313 -91.172666 19 hybrid 1028 1016
30.394832 -91.172666 19 hybrid 1028 1015
30.394832 -91.170949 19 hybrid 1029 1015
30.394832 -91.169233 19 hybrid 1030 1015
30.397794 -91.174383 19 hybrid 1027 1017
30.396313 -91.174383 19 hybrid 1027 1016
30.394832 -91.174383 19 hybrid 1027 1015
30.397794 -91.176099 19 hybrid 1026 1017
30.396313 -91.176099 19 hybrid 1026 1016
30.394832 -91.176099 19 hybrid 1026 1015
30.397794 -91.177816 19 hybrid 1025 1017
30.396313 -91.177816 19 hybrid 1025 1016
30.394832 -91.177816 19 hybrid 1025 1015
30.399274 -91.177816 19 hybrid 1025 1018
30.399274 -91.176099 19 hybrid 1026 1018
30.399274 -91.174383 19 hybrid 1027 1018
30.397794 -91.179533 19 hybrid 1024 1017
30.396313 -91.179533 19 hybrid 1024 1016
30.394832 -91.179533 19 hybrid 1024 1015
30.397794 -91.181249 19 hybrid 1023 1017
30.396313 -91.181249 19 hybrid 1023 1016
30.394832 -91.181249 19 hybrid 1023 1015
30.393352 -91.179533 19 hybrid 1024 1014
30.393352 -91.177816 19 hybrid 1025 1014
30.393352 -91.176099 19 hybrid 1026 1014
30.393352 -91.181249 19 hybrid 1023 1014
30.391871 -91.181249 19 hybrid 1023 1013
30.391871 -91.179533 19 hybrid 1024 1013
30.391871 -91.177816 19 hybrid 1025 1013
30.391871 -91.176099 19 hybrid 1026 1013
30.390390 -91.179533 19 hybrid 1024 1012
30.390390 -91.177816 19 hybrid 1025 1012
30.390390 -91.176099 19 hybrid 1026 1012
30.393352 -91.174383 19 hybrid 1027 1014
30.391871 -91.174383 19 hybrid 1027 1013
30.390390 -91.181249 19 hybrid 1023 1012
30.394832 -91.182966 19 hybrid 1022 1015
30.393352 -91.182966 19 hybrid 1022 1014
30.391871 -91.182966 19 hybrid 1022 1013
30.396313 -91.182966 19 hybrid 1022 1016
30.390390 -91.182966 19 hybrid 1022 1012
30.388909 -91.182966 19 hybrid 1022 1011
30.388909 -91.181249 19 hybrid 1023 1011
30.388909 -91.179533 19 hybrid 1024 1011
30.387429 -91.182966 19 hybrid 1022 1010
30.387429 -91.181249 19 hybrid 1023 1010
30.387429 -91.179533 19 hybrid 1024 1010
30.390390 -91.184682 19 hybrid 1021 1012
30.388909 -91.184682 19 hybrid 1021 1011
30.387429 -91.184682 19 hybrid 1021 1010
30.391871 -91.184682 19 hybrid 1021 1013
30.393352 -91.184682 19 hybrid 1021 1014
30.393352 -91.182107 20 hybrid 2045 2028
30.393352 -91.181249 20 hybrid 2046 2028
30.393352 -91.180391 20 hybrid 2047 2028
30.392611 -91.182107 20 hybrid 2045 2027
30.392611 -91.181249 20 hybrid 2046 2027
30.392611 -91.180391 20 hybrid 2047 2027
30.391871 -91.182107 20 hybrid 2045 2026
30.391871 -91.181249 20 hybrid 2046 2026
30.391871 -91.180391 20 hybrid 2047 2026
30.396313 -91.186399 18 hybrid 510 508
30.396313 -91.182966 18 hybrid 511 508
30.396313 -91.179533 18 hybrid 512 508
30.393352 -91.186399 18 hybrid 510 507
30.393352 -91.182966 18 hybrid 511 507
30.393352 -91.179533 18 hybrid 512 507
30.390390 -91.186399 18 hybrid 510 506
30.390390 -91.182966 18 hybrid 511 506
30.390390 -91.179533 18 hybrid 512 506
30.396313 -91.186399 17 hybrid 255 254
30.396313 -91.179533 17 hybrid 256 254
30.396313 -91.172666 17 hybrid 257 254
30.390390 -91.186399 17 hybrid 255 253
30.390390 -91.179533 17 hybrid 256 253
30.390390 -91.172666 17 hybrid 257 253
30.384467 -91.186399 17 hybrid 255 252
30.384467 -91.179533 17 hybrid 256 252
30.384467 -91.172666 17 hybrid 257 252
30.384467 -91.193265 16 hybrid 127 126
30.384467 -91.179533 16 hybrid 128 126
30.384467 -91.165800 16 hybrid 129 126
30.360771 -91.206998 15 hybrid 63 62
30.360771 -91.179533 15 hybrid 64 62
30.360771 -91.152067 15 hybrid 65 62
30.786423 -91.618986 11 hybrid 3 5
30.786423 -91.179533 11 hybrid 4 5
30.786423 -90.740079 11 hybrid 5 5
30.408158 -91.618986 11 hybrid 3 4
30.408158 -91.179533 11 hybrid 4 4
30.408158 -90.740079 11 hybrid 5 4
30.028421 -91.618986 11 hybrid 3 3
30.028421 -91.179533 11 hybrid 4 3
30.028421 -90.740079 11 hybrid 5 3
30.396313 -91.193265 17 hybrid 254 254
30.390390 -91.193265 17 hybrid 254 253
30.384467 -91.193265 17 hybrid 254 252
30.378543 -91.193265 17 hybrid 254 251
30.378543 -91.186399 17 hybrid 255 251
30.378543 -91.179533 17 hybrid 256 251
30.390390 -91.200132 17 hybrid 253 253
30.384467 -91.200132 17 hybrid 253 252
30.378543 -91.200132 17 hybrid 253 251
30.396313 -91.200132 17 hybrid 253 254
30.396313 -91.206998 17 hybrid 252 254
30.390390 -91.206998 17 hybrid 252 253
30.384467 -91.206998 17 hybrid 252 252
30.402235 -91.206998 17 hybrid 252 255
30.402235 -91.200132 17 hybrid 253 255
30.402235 -91.193265 17 hybrid 254 255
30.402235 -91.213865 17 hybrid 251 255
30.396313 -91.213865 17 hybrid 251 254
30.390390 -91.213865 17 hybrid 251 253
30.402235 -91.220731 17 hybrid 250 255
30.396313 -91.220731 17 hybrid 250 254
30.390390 -91.220731 17 hybrid 250 253
30.408158 -91.206998 17 hybrid 252 256
30.408158 -91.200132 17 hybrid 253 256
30.408158 -91.193265 17 hybrid 254 256
30.414079 -91.206998 17 hybrid 252 257
30.414079 -91.200132 17 hybrid 253 257
30.414079 -91.193265 17 hybrid 254 257
30.420001 -91.200132 17 hybrid 253 258
30.420001 -91.193265 17 hybrid 254 258
30.420001 -91.186399 17 hybrid 255 258
30.425922 -91.200132 17 hybrid 253 259
30.425922 -91.193265 17 hybrid 254 259
30.425922 -91.186399 17 hybrid 255 259
30.425922 -91.179533 17 hybrid 256 259
30.420001 -91.179533 17 hybrid 256 258
30.420001 -91.172666 17 hybrid 257 258
30.414079 -91.186399 18 hybrid 510 514
30.414079 -91.182966 18 hybrid 511 514
30.414079 -91.179533 18 hybrid 512 514
30.411118 -91.186399 18 hybrid 510 513
30.408158 -91.186399 18 hybrid 510 512
30.414079 -91.176099 18 hybrid 513 514
30.405196 -91.186399 18 hybrid 510 511
30.402235 -91.186399 18 hybrid 510 510
30.408158 -91.189832 18 hybrid 509 512
30.405196 -91.189832 18 hybrid 509 511
30.402235 -91.189832 18 hybrid 509 510
30.408158 -91.193265 18 hybrid 508 512
30.405196 -91.193265 18 hybrid 508 511
30.402235 -91.193265 18 hybrid 508 510
30.411118 -91.193265 18 hybrid 508 513
30.411118 -91.189832 18 hybrid 509 513
30.408158 -91.172666 18 hybrid 514 512
30.405196 -91.172666 18 hybrid 514 511
30.402235 -91.172666 18 hybrid 514 510
30.399274 -91.172666 18 hybrid 514 509
30.396313 -91.176099 18 hybrid 513 508
30.396313 -91.172666 18 hybrid 514 508
30.408158 -91.182966 19 hybrid 1022 1024
30.406677 -91.182966 19 hybrid 1022 1023
30.406677 -91.184682 19 hybrid 1021 1023
30.405196 -91.184682 19 hybrid 1021 1022
30.403716 -91.184682 19 hybrid 1021 1021
30.406677 -91.186399 19 hybrid 1020 1023
30.405196 -91.186399 19 hybrid 1020 1022
30.403716 -91.186399 19 hybrid 1020 1021
30.408158 -91.186399 19 hybrid 1020 1024
30.408158 -91.184682 19 hybrid 1021 1024
30.409638 -91.186399 19 hybrid 1020 1025
30.409638 -91.184682 19 hybrid 1021 1025
30.409638 -91.182966 19 hybrid 1022 1025
30.411118 -91.188116 19 hybrid 1019 1026
30.411118 -91.186399 19 hybrid 1020 1026
30.411118 -91.184682 19 hybrid 1021 1026
30.409638 -91.188116 19 hybrid 1019 1025
30.408158 -91.188116 19 hybrid 1019 1024
30.412599 -91.188116 19 hybrid 1019 1027
30.412599 -91.186399 19 hybrid 1020 1027
30.412599 -91.184682 19 hybrid 1021 1027
30.411118 -91.182966 19 hybrid 1022 1026
30.411118 -91.181249 19 hybrid 1023 1026
30.411118 -91.179533 19 hybrid 1024 1026
30.411118 -91.177816 19 hybrid 1025 1026
30.411118 -91.176099 19 hybrid 1026 1026
30.409638 -91.174383 19 hybrid 1027 1025
30.400755 -91.181249 19 hybrid 1023 1019
30.400755 -91.179533 19 hybrid 1024 1019
30.400755 -91.177816 19 hybrid 1025 1019
30.400755 -91.182966 19 hybrid 1022 1019
30.402235 -91.184682 19 hybrid 1021 1020
30.407417 -91.183824 20 hybrid 2043 2047
30.407417 -91.182966 20 hybrid 2044 2047
30.407417 -91.182107 20 hybrid 2045 2047
30.406677 -91.183824 20 hybrid 2043 2046
30.406677 -91.182966 20 hybrid 2044 2046
30.406677 -91.182107 20 hybrid 2045 2046
30.405937 -91.183824 20 hybrid 2043 2045
30.405937 -91.182966 20 hybrid 2044 2045
30.405937 -91.182107 20 hybrid 2045 2045
30.407417 -91.181249 20 hybrid 2046 2047
30.406677 -91.181249 20 hybrid 2046 2046
30.405937 -91.181249 20 hybrid 2046 2045
30.405196 -91.183824 20 hybrid 2043 2044
30.405196 -91.182966 20 hybrid 2044 2044
30.405196 -91.182107 20 hybrid 2045 2044
30.406677 -91.184682 20 hybrid 2042 2046
30.405937 -91.184682 20 hybrid 2042 2045
30.405196 -91.184682 20 hybrid 2042 2044
30.406677 -91.185541 20 hybrid 2041 2046
30.405937 -91.185541 20 hybrid 2041 2045
30.405196 -91.185541 20 hybrid 2041 2044
30.407417 -91.185541 20 hybrid 2041 2047
30.407417 -91.184682 20 hybrid 2042 2047
30.406677 -91.186399 20 hybrid 2040 2046
30.405937 -91.186399 20 hybrid 2040 2045
30.405196 -91.186399 20 hybrid 2040 2044
30.405937 -91.187257 20 hybrid 2039 2045
30.405196 -91.187257 20 hybrid 2039 2044
30.404456 -91.187257 20 hybrid 2039 2043
30.404456 -91.186399 20 hybrid 2040 2043
30.404456 -91.185541 20 hybrid 2041 2043
30.405937 -91.188116 20 hybrid 2038 2045
30.405196 -91.188116 20 hybrid 2038 2044
30.404456 -91.188116 20 hybrid 2038 2043
30.406677 -91.188116 20 hybrid 2038 2046
30.406677 -91.187257 20 hybrid 2039 2046
30.407417 -91.187257 20 hybrid 2039 2047
30.407417 -91.186399 20 hybrid 2040 2047
30.408158 -91.184682 20 hybrid 2042 2048
30.408158 -91.183824 20 hybrid 2043 2048
30.408158 -91.182966 20 hybrid 2044 2048
30.408898 -91.184682 20 hybrid 2042 2049
30.408898 -91.183824 20 hybrid 2043 2049
30.408898 -91.182966 20 hybrid 2044 2049
30.409638 -91.184682 20 hybrid 2042 2050
30.409638 -91.183824 20 hybrid 2043 2050
30.409638 -91.182966 20 hybrid 2044 2050
30.409638 -91.182107 20 hybrid 2045 2050
30.408898 -91.182107 20 hybrid 2045 2049
30.408158 -91.182107 20 hybrid 2045 2048
30.408898 -91.185541 20 hybrid 2041 2049
30.408158 -91.185541 20 hybrid 2041 2048
30.409638 -91.185541 20 hybrid 2041 2050
30.408898 -91.186399 20 hybrid 2040 2049
30.408158 -91.186399 20 hybrid 2040 2048
30.409638 -91.186399 20 hybrid 2040 2050
30.408898 -91.181249 20 hybrid 2046 2049
30.408158 -91.181249 20 hybrid 2046 2048
30.408898 -91.180391 20 hybrid 2047 2049
30.408158 -91.180391 20 hybrid 2047 2048
30.407417 -91.180391 20 hybrid 2047 2047
30.406677 -91.180391 20 hybrid 2047 2046
30.406677 -91.179533 20 hybrid 2048 2046
30.406677 -91.178674 20 hybrid 2049 2046
30.405937 -91.180391 20 hybrid 2047 2045
30.405937 -91.179533 20 hybrid 2048 2045
30.405937 -91.178674 20 hybrid 2049 2045
30.405196 -91.180391 20 hybrid 2047 2044
30.405196 -91.179533 20 hybrid 2048 2044
30.405196 -91.178674 20 hybrid 2049 2044
30.404456 -91.180391 20 hybrid 2047 2043
30.404456 -91.179533 20 hybrid 2048 2043
30.404456 -91.178674 20 hybrid 2049 2043
30.405196 -91.177816 20 hybrid 2050 2044
30.404456 -91.177816 20 hybrid 2050 2043
30.403716 -91.179533 20 hybrid 2048 2042
30.403716 -91.178674 20 hybrid 2049 2042
30.403716 -91.177816 20 hybrid 2050 2042
30.405196 -91.176958 20 hybrid 2051 2044
30.404456 -91.176958 20 hybrid 2051 2043
30.403716 -91.176958 20 hybrid 2051 2042
30.402976 -91.178674 20 hybrid 2049 2041
30.402976 -91.177816 20 hybrid 2050 2041
30.402976 -91.176958 20 hybrid 2051 2041
30.404456 -91.176099 20 hybrid 2052 2043
30.403716 -91.176099 20 hybrid 2052 2042
30.402976 -91.176099 20 hybrid 2052 2041
30.402235 -91.177816 20 hybrid 2050 2040
30.402235 -91.176958 20 hybrid 2051 2040
30.402235 -91.176099 20 hybrid 2052 2040
30.414079 -91.165800 17 hybrid 258 257
30.408158 -91.165800 17 hybrid 258 256
30.402235 -91.165800 17 hybrid 258 255
30.396313 -91.165800 17 hybrid 258 254
30.414079 -91.158933 17 hybrid 259 257
30.408158 -91.158933 17 hybrid 259 256
30.402235 -91.158933 17 hybrid 259 255
30.396313 -91.158933 17 hybrid 259 254
30.408158 -91.152067 16 hybrid 130 128
30.396313 -91.152067 16 hybrid 130 127
30.384467 -91.152067 16 hybrid 130 126
30.313361 -91.234464 14 hybrid 31 30
30.313361 -91.179533 14 hybrid 32 30
30.313361 -91.124601 14 hybrid 33 30
30.393352 -91.176099 18 hybrid 513 507
30.390390 -91.176099 18 hybrid 513 506
30.408158 -91.234464 15 hybrid 62 64
30.384467 -91.234464 15 hybrid 62 63
30.360771 -91.234464 15 hybrid 62 62
30.387429 -91.186399 18 hybrid 510 505
30.387429 -91.182966 18 hybrid 511 505
30.387429 -91.179533 18 hybrid 512 505
30.372620 -91.193265 16 hybrid 127 125
30.372620 -91.179533 16 hybrid 128 125
30.372620 -91.165800 16 hybrid 129 125
30.387429 -91.176099 18 hybrid 513 505
30.400755 -91.184682 19 hybrid 1021 1019
30.402235 -91.186399 19 hybrid 1020 1020
30.400755 -91.186399 19 hybrid 1020 1019
30.399274 -91.186399 19 hybrid 1020 1018
30.399274 -91.184682 19 hybrid 1021 1018
30.399274 -91.182966 19 hybrid 1022 1018
30.402235 -91.188116 19 hybrid 1019 1020
30.400755 -91.188116 19 hybrid 1019 1019
30.399274 -91.188116 19 hybrid 1019 1018
30.397794 -91.188116 19 hybrid 1019 1017
30.397794 -91.186399 19 hybrid 1020 1017
30.397794 -91.184682 19 hybrid 1021 1017
30.397794 -91.182966 19 hybrid 1022 1017
30.396313 -91.186399 19 hybrid 1020 1016
30.396313 -91.184682 19 hybrid 1021 1016
30.394832 -91.186399 19 hybrid 1020 1015
30.394832 -91.184682 19 hybrid 1021 1015
30.393352 -91.186399 19 hybrid 1020 1014
